NACA 6512
1.000000  -0.000000
0.999990  0.000004
0.999962  0.000015
0.999914  0.000034
0.999847  0.000060
0.999761  0.000094
0.999655  0.000136
0.999531  0.000185
0.999387  0.000242
0.999225  0.000306
0.999043  0.000377
0.998842  0.000457
0.998622  0.000543
0.998383  0.000637
0.998125  0.000739
0.997847  0.000848
0.997551  0.000965
0.997235  0.001088
0.996901  0.001220
0.996547  0.001358
0.996174  0.001505
0.995783  0.001658
0.995372  0.001819
0.994942  0.001987
0.994494  0.002162
0.994026  0.002345
0.993539  0.002535
0.993034  0.002732
0.992509  0.002936
0.991965  0.003147
0.991403  0.003366
0.990822  0.003591
0.990222  0.003824
0.989602  0.004064
0.988965  0.004310
0.988308  0.004564
0.987632  0.004825
0.986938  0.005092
0.986225  0.005366
0.985493  0.005648
0.984743  0.005936
0.983973  0.006230
0.983185  0.006532
0.982379  0.006840
0.981554  0.007154
0.980710  0.007476
0.979848  0.007803
0.978967  0.008138
0.978067  0.008478
0.977149  0.008825
0.976213  0.009179
0.975258  0.009538
0.974285  0.009904
0.973293  0.010277
0.972283  0.010655
0.971255  0.011039
0.970208  0.011430
0.969143  0.011826
0.968060  0.012229
0.966959  0.012637
0.965840  0.013051
0.964702  0.013471
0.963546  0.013897
0.962373  0.014328
0.961181  0.014765
0.959971  0.015207
0.958744  0.015655
0.957498  0.016108
0.956235  0.016567
0.954954  0.017031
0.953654  0.017500
0.952338  0.017975
0.951003  0.018454
0.949651  0.018939
0.948281  0.019428
0.946894  0.019923
0.945489  0.020422
0.944067  0.020926
0.942627  0.021435
0.941170  0.021948
0.939695  0.022466
0.938203  0.022989
0.936694  0.023516
0.935168  0.024047
0.933624  0.024583
0.932064  0.025123
0.930486  0.025667
0.928891  0.026215
0.927280  0.026767
0.925651  0.027323
0.924006  0.027883
0.922343  0.028447
0.920664  0.029015
0.918969  0.029586
0.917256  0.030161
0.915528  0.030739
0.913782  0.031321
0.912020  0.031906
0.910242  0.032494
0.908447  0.033085
0.906636  0.033680
0.904809  0.034278
0.902966  0.034878
0.901106  0.035482
0.899231  0.036088
0.897339  0.036697
0.895432  0.037309
0.893509  0.037923
0.891570  0.038540
0.889615  0.039159
0.887645  0.039780
0.885659  0.040404
0.883657  0.041030
0.881640  0.041658
0.879608  0.042288
0.877560  0.042919
0.875497  0.043553
0.873419  0.044189
0.871325  0.044826
0.869217  0.045465
0.867094  0.046105
0.864955  0.046747
0.862802  0.047390
0.860635  0.048034
0.858452  0.048680
0.856255  0.049326
0.854044  0.049974
0.851817  0.050622
0.849577  0.051272
0.847322  0.051922
0.845054  0.052573
0.842771  0.053225
0.840473  0.053877
0.838162  0.054529
0.835838  0.055182
0.833499  0.055835
0.831146  0.056489
0.828780  0.057142
0.826401  0.057796
0.824008  0.058449
0.821601  0.059102
0.819181  0.059756
0.816748  0.060408
0.814302  0.061061
0.811843  0.061713
0.809371  0.062364
0.806886  0.063015
0.804388  0.063665
0.801878  0.064314
0.799355  0.064963
0.796819  0.065610
0.794271  0.066257
0.791711  0.066902
0.789138  0.067546
0.786554  0.068189
0.783957  0.068831
0.781349  0.069471
0.778728  0.070110
0.776096  0.070747
0.773452  0.071382
0.770797  0.072015
0.768130  0.072647
0.765452  0.073277
0.762763  0.073905
0.760062  0.074530
0.757350  0.075154
0.754628  0.075775
0.751894  0.076395
0.749150  0.077011
0.746395  0.077626
0.743630  0.078237
0.740854  0.078846
0.738068  0.079453
0.735272  0.080056
0.732465  0.080657
0.729649  0.081255
0.726823  0.081850
0.723986  0.082442
0.721140  0.083031
0.718285  0.083616
0.715420  0.084198
0.712546  0.084777
0.709662  0.085353
0.706770  0.085925
0.703868  0.086493
0.700957  0.087058
0.698038  0.087619
0.695110  0.088176
0.692173  0.088730
0.689228  0.089279
0.686274  0.089825
0.683312  0.090366
0.680342  0.090903
0.677364  0.091437
0.674379  0.091965
0.671385  0.092490
0.668384  0.093010
0.665375  0.093526
0.662359  0.094037
0.659335  0.094544
0.656305  0.095045
0.653267  0.095543
0.650222  0.096035
0.647171  0.096523
0.644112  0.097005
0.641048  0.097483
0.637976  0.097956
0.634899  0.098423
0.631815  0.098886
0.628725  0.099343
0.625629  0.099795
0.622528  0.100242
0.619420  0.100683
0.616307  0.101119
0.613189  0.101549
0.610065  0.101974
0.606936  0.102393
0.603802  0.102807
0.600663  0.103214
0.597519  0.103616
0.594371  0.104013
0.591218  0.104403
0.588060  0.104787
0.584899  0.105166
0.581733  0.105538
0.578563  0.105905
0.575389  0.106265
0.572211  0.106619
0.569030  0.106967
0.565845  0.107308
0.562656  0.107644
0.559465  0.107973
0.556270  0.108295
0.553073  0.108611
0.549872  0.108921
0.546669  0.109224
0.543463  0.109521
0.540255  0.109811
0.537044  0.110094
0.533831  0.110370
0.530617  0.110640
0.527400  0.110903
0.524181  0.111160
0.520961  0.111409
0.517740  0.111652
0.514517  0.111887
0.511292  0.112116
0.508067  0.112338
0.504841  0.112553
0.501614  0.112760
0.498386  0.112961
0.495158  0.113154
0.491929  0.113341
0.488700  0.113520
0.485471  0.113692
0.482242  0.113857
0.479013  0.114015
0.475785  0.114165
0.472556  0.114308
0.469329  0.114444
0.466102  0.114573
0.462876  0.114694
0.459651  0.114807
0.456427  0.114914
0.453204  0.115013
0.449983  0.115104
0.446764  0.115188
0.443546  0.115265
0.440330  0.115334
0.437116  0.115396
0.433904  0.115450
0.430694  0.115497
0.427487  0.115536
0.424282  0.115567
0.421080  0.115591
0.417881  0.115608
0.414685  0.115617
0.411492  0.115618
0.408302  0.115612
0.405116  0.115598
0.401933  0.115577
0.398754  0.115548
0.395578  0.115511
0.392407  0.115467
0.389240  0.115415
0.386077  0.115356
0.382918  0.115289
0.379764  0.115215
0.376614  0.115133
0.373470  0.115043
0.370330  0.114946
0.367196  0.114841
0.364067  0.114729
0.360943  0.114609
0.357824  0.114482
0.354712  0.114347
0.351605  0.114204
0.348504  0.114054
0.345409  0.113897
0.342320  0.113732
0.339238  0.113560
0.336162  0.113380
0.333093  0.113193
0.330031  0.112998
0.326975  0.112796
0.323927  0.112587
0.320886  0.112370
0.317852  0.112146
0.314826  0.111915
0.311807  0.111676
0.308796  0.111431
0.305793  0.111178
0.302798  0.110917
0.299811  0.110650
0.296832  0.110375
0.293862  0.110094
0.290900  0.109805
0.287947  0.109509
0.285003  0.109206
0.282068  0.108897
0.279142  0.108580
0.276225  0.108256
0.273318  0.107926
0.270420  0.107589
0.267532  0.107245
0.264653  0.106894
0.261784  0.106536
0.258926  0.106172
0.256077  0.105801
0.253239  0.105424
0.250411  0.105040
0.247594  0.104649
0.244787  0.104252
0.241991  0.103849
0.239206  0.103440
0.236432  0.103024
0.233669  0.102601
0.230918  0.102173
0.228178  0.101738
0.225449  0.101298
0.222733  0.100851
0.220027  0.100398
0.217334  0.099940
0.214653  0.099475
0.211984  0.099005
0.209327  0.098528
0.206683  0.098047
0.204051  0.097559
0.201432  0.097066
0.198825  0.096567
0.196232  0.096063
0.193651  0.095554
0.191083  0.095039
0.188529  0.094518
0.185988  0.093993
0.183460  0.093462
0.180946  0.092927
0.178445  0.092386
0.175958  0.091840
0.173485  0.091290
0.171026  0.090734
0.168582  0.090174
0.166151  0.089609
0.163734  0.089039
0.161332  0.088465
0.158945  0.087887
0.156572  0.087304
0.154214  0.086716
0.151870  0.086125
0.149542  0.085529
0.147228  0.084929
0.144930  0.084325
0.142646  0.083717
0.140378  0.083105
0.138126  0.082489
0.135889  0.081869
0.133667  0.081246
0.131462  0.080619
0.129272  0.079989
0.127097  0.079355
0.124939  0.078718
0.122797  0.078077
0.120671  0.077434
0.118561  0.076787
0.116468  0.076137
0.114391  0.075484
0.112330  0.074828
0.110286  0.074169
0.108259  0.073508
0.106248  0.072843
0.104254  0.072177
0.102278  0.071507
0.100318  0.070836
0.098375  0.070161
0.096449  0.069485
0.094541  0.068806
0.092649  0.068126
0.090775  0.067443
0.088919  0.066758
0.087080  0.066072
0.085259  0.065383
0.083455  0.064693
0.081669  0.064001
0.079901  0.063308
0.078151  0.062613
0.076418  0.061917
0.074704  0.061219
0.073008  0.060520
0.071329  0.059820
0.069669  0.059119
0.068028  0.058417
0.066404  0.057714
0.064799  0.057010
0.063213  0.056305
0.061645  0.055600
0.060095  0.054894
0.058564  0.054187
0.057052  0.053480
0.055558  0.052773
0.054083  0.052065
0.052627  0.051357
0.051190  0.050649
0.049772  0.049941
0.048373  0.049232
0.046993  0.048524
0.045632  0.047816
0.044290  0.047108
0.042967  0.046401
0.041663  0.045693
0.040379  0.044986
0.039114  0.044280
0.037868  0.043574
0.036642  0.042869
0.035435  0.042165
0.034248  0.041461
0.033080  0.040758
0.031932  0.040056
0.030803  0.039355
0.029694  0.038655
0.028604  0.037956
0.027535  0.037258
0.026485  0.036562
0.025454  0.035867
0.024444  0.035173
0.023453  0.034481
0.022482  0.033790
0.021531  0.033100
0.020600  0.032412
0.019689  0.031726
0.018798  0.031042
0.017926  0.030359
0.017075  0.029678
0.016244  0.028999
0.015433  0.028322
0.014642  0.027647
0.013871  0.026975
0.013120  0.026304
0.012389  0.025635
0.011678  0.024968
0.010988  0.024304
0.010318  0.023642
0.009668  0.022982
0.009038  0.022325
0.008428  0.021670
0.007839  0.021018
0.007270  0.020368
0.006721  0.019721
0.006192  0.019076
0.005684  0.018434
0.005196  0.017794
0.004728  0.017158
0.004280  0.016524
0.003853  0.015893
0.003447  0.015264
0.003060  0.014639
0.002694  0.014016
0.002348  0.013396
0.002023  0.012780
0.001717  0.012166
0.001432  0.011555
0.001168  0.010947
0.000924  0.010343
0.000700  0.009741
0.000496  0.009142
0.000313  0.008547
0.000150  0.007955
0.000008  0.007365
-0.000114  0.006779
-0.000216  0.006197
-0.000298  0.005617
-0.000359  0.005041
-0.000400  0.004467
-0.000421  0.003898
-0.000422  0.003331
-0.000402  0.002768
-0.000362  0.002207
-0.000302  0.001651
-0.000221  0.001097
-0.000121  0.000547
0.000000  0.000000
0.000141  -0.000542
0.000301  -0.001078
0.000480  -0.001608
0.000679  -0.002131
0.000897  -0.002649
0.001135  -0.003160
0.001392  -0.003665
0.001668  -0.004163
0.001964  -0.004656
0.002279  -0.005142
0.002613  -0.005622
0.002967  -0.006096
0.003340  -0.006563
0.003731  -0.007025
0.004143  -0.007480
0.004573  -0.007929
0.005022  -0.008371
0.005490  -0.008808
0.005978  -0.009238
0.006484  -0.009663
0.007010  -0.010080
0.007554  -0.010492
0.008118  -0.010898
0.008700  -0.011297
0.009301  -0.011690
0.009921  -0.012078
0.010560  -0.012458
0.011217  -0.012833
0.011893  -0.013202
0.012588  -0.013564
0.013301  -0.013921
0.014033  -0.014271
0.014784  -0.014615
0.015553  -0.014953
0.016341  -0.015285
0.017147  -0.015611
0.017971  -0.015931
0.018814  -0.016244
0.019675  -0.016552
0.020554  -0.016853
0.021452  -0.017149
0.022367  -0.017438
0.023301  -0.017722
0.024253  -0.017999
0.025223  -0.018271
0.026211  -0.018536
0.027216  -0.018796
0.028240  -0.019049
0.029281  -0.019297
0.030341  -0.019538
0.031417  -0.019774
0.032512  -0.020004
0.033624  -0.020228
0.034754  -0.020446
0.035901  -0.020658
0.037066  -0.020865
0.038248  -0.021065
0.039447  -0.021260
0.040664  -0.021449
0.041897  -0.021632
0.043148  -0.021810
0.044416  -0.021981
0.045702  -0.022147
0.047004  -0.022307
0.048323  -0.022462
0.049659  -0.022611
0.051011  -0.022754
0.052381  -0.022892
0.053767  -0.023024
0.055169  -0.023150
0.056589  -0.023271
0.058024  -0.023386
0.059477  -0.023496
0.060945  -0.023601
0.062430  -0.023700
0.063931  -0.023793
0.065448  -0.023881
0.066981  -0.023963
0.068530  -0.024041
0.070096  -0.024113
0.071677  -0.024179
0.073274  -0.024240
0.074886  -0.024296
0.076515  -0.024347
0.078159  -0.024393
0.079818  -0.024433
0.081493  -0.024468
0.083184  -0.024498
0.084889  -0.024523
0.086610  -0.024543
0.088347  -0.024558
0.090098  -0.024567
0.091864  -0.024572
0.093646  -0.024572
0.095442  -0.024567
0.097253  -0.024557
0.099079  -0.024542
0.100919  -0.024523
0.102774  -0.024498
0.104644  -0.024469
0.106528  -0.024435
0.108426  -0.024396
0.110339  -0.024353
0.112266  -0.024305
0.114207  -0.024253
0.116162  -0.024196
0.118131  -0.024134
0.120114  -0.024068
0.122111  -0.023998
0.124122  -0.023923
0.126146  -0.023844
0.128185  -0.023760
0.130236  -0.023672
0.132301  -0.023580
0.134379  -0.023484
0.136471  -0.023384
0.138576  -0.023279
0.140694  -0.023171
0.142825  -0.023058
0.144969  -0.022942
0.147126  -0.022821
0.149296  -0.022696
0.151478  -0.022568
0.153673  -0.022436
0.155881  -0.022300
0.158101  -0.022160
0.160334  -0.022017
0.162579  -0.021870
0.164836  -0.021719
0.167105  -0.021565
0.169387  -0.021408
0.171680  -0.021247
0.173986  -0.021082
0.176303  -0.020914
0.178632  -0.020743
0.180972  -0.020568
0.183325  -0.020391
0.185688  -0.020210
0.188063  -0.020026
0.190450  -0.019839
0.192847  -0.019649
0.195256  -0.019456
0.197676  -0.019260
0.200107  -0.019061
0.202549  -0.018859
0.205002  -0.018655
0.207465  -0.018448
0.209939  -0.018238
0.212423  -0.018026
0.214918  -0.017811
0.217424  -0.017593
0.219940  -0.017373
0.222466  -0.017151
0.225002  -0.016926
0.227548  -0.016700
0.230104  -0.016470
0.232670  -0.016239
0.235245  -0.016006
0.237831  -0.015770
0.240426  -0.015532
0.243030  -0.015293
0.245644  -0.015051
0.248268  -0.014808
0.250900  -0.014563
0.253542  -0.014316
0.256193  -0.014068
0.258852  -0.013817
0.261521  -0.013566
0.264198  -0.013312
0.266884  -0.013058
0.269579  -0.012801
0.272282  -0.012544
0.274994  -0.012285
0.277714  -0.012025
0.280442  -0.011764
0.283179  -0.011502
0.285923  -0.011238
0.288676  -0.010974
0.291436  -0.010708
0.294204  -0.010442
0.296980  -0.010175
0.299764  -0.009907
0.302555  -0.009638
0.305353  -0.009369
0.308159  -0.009099
0.310972  -0.008829
0.313792  -0.008558
0.316619  -0.008286
0.319453  -0.008014
0.322294  -0.007742
0.325142  -0.007470
0.327996  -0.007197
0.330857  -0.006924
0.333724  -0.006651
0.336598  -0.006378
0.339478  -0.006105
0.342364  -0.005832
0.345256  -0.005559
0.348155  -0.005287
0.351059  -0.005014
0.353969  -0.004742
0.356884  -0.004470
0.359805  -0.004198
0.362732  -0.003927
0.365664  -0.003657
0.368602  -0.003387
0.371544  -0.003117
0.374492  -0.002848
0.377445  -0.002580
0.380402  -0.002313
0.383365  -0.002046
0.386332  -0.001780
0.389303  -0.001515
0.392279  -0.001251
0.395260  -0.000988
0.398245  -0.000726
0.401234  -0.000466
0.404227  -0.000206
0.407224  0.000053
0.410225  0.000310
0.413230  0.000566
0.416238  0.000821
0.419250  0.001074
0.422265  0.001326
0.425284  0.001576
0.428306  0.001825
0.431331  0.002072
0.434360  0.002318
0.437391  0.002562
0.440425  0.002805
0.443462  0.003045
0.446501  0.003284
0.449543  0.003521
0.452587  0.003757
0.455634  0.003990
0.458682  0.004221
0.461733  0.004451
0.464786  0.004678
0.467841  0.004904
0.470897  0.005127
0.473955  0.005348
0.477015  0.005567
0.480076  0.005784
0.483138  0.005999
0.486202  0.006211
0.489266  0.006422
0.492332  0.006629
0.495399  0.006835
0.498466  0.007038
0.501534  0.007239
0.504603  0.007437
0.507672  0.007632
0.510741  0.007826
0.513811  0.008016
0.516880  0.008205
0.519950  0.008390
0.523019  0.008573
0.526089  0.008753
0.529158  0.008931
0.532226  0.009106
0.535294  0.009278
0.538361  0.009448
0.541428  0.009615
0.544493  0.009779
0.547558  0.009940
0.550621  0.010098
0.553683  0.010254
0.556744  0.010407
0.559803  0.010557
0.562861  0.010704
0.565917  0.010848
0.568971  0.010989
0.572023  0.011127
0.575073  0.011263
0.578121  0.011395
0.581167  0.011525
0.584210  0.011651
0.587250  0.011775
0.590289  0.011895
0.593324  0.012013
0.596356  0.012128
0.599386  0.012239
0.602412  0.012348
0.605435  0.012453
0.608455  0.012556
0.611471  0.012655
0.614484  0.012752
0.617493  0.012845
0.620499  0.012936
0.623500  0.013023
0.626497  0.013107
0.629490  0.013188
0.632479  0.013267
0.635464  0.013342
0.638444  0.013414
0.641419  0.013483
0.644390  0.013549
0.647356  0.013612
0.650316  0.013673
0.653272  0.013730
0.656223  0.013784
0.659168  0.013835
0.662108  0.013883
0.665042  0.013928
0.667970  0.013970
0.670893  0.014009
0.673810  0.014046
0.676720  0.014079
0.679625  0.014109
0.682523  0.014137
0.685415  0.014162
0.688301  0.014183
0.691180  0.014202
0.694052  0.014218
0.696917  0.014231
0.699775  0.014242
0.702627  0.014249
0.705471  0.014254
0.708307  0.014256
0.711137  0.014255
0.713958  0.014252
0.716772  0.014246
0.719579  0.014237
0.722377  0.014226
0.725168  0.014211
0.727950  0.014195
0.730724  0.014175
0.733489  0.014153
0.736247  0.014129
0.738995  0.014102
0.741735  0.014072
0.744466  0.014041
0.747189  0.014006
0.749902  0.013969
0.752606  0.013930
0.755300  0.013889
0.757986  0.013845
0.760662  0.013798
0.763328  0.013750
0.765984  0.013699
0.768631  0.013646
0.771268  0.013591
0.773894  0.013534
0.776511  0.013474
0.779117  0.013413
0.781713  0.013349
0.784298  0.013283
0.786873  0.013216
0.789437  0.013146
0.791990  0.013074
0.794533  0.013001
0.797064  0.012926
0.799584  0.012848
0.802093  0.012769
0.804590  0.012688
0.807076  0.012606
0.809550  0.012522
0.812013  0.012436
0.814464  0.012348
0.816903  0.012259
0.819330  0.012168
0.821744  0.012076
0.824147  0.011982
0.826537  0.011887
0.828915  0.011790
0.831280  0.011692
0.833633  0.011593
0.835972  0.011492
0.838299  0.011390
0.840613  0.011287
0.842914  0.011183
0.845202  0.011077
0.847477  0.010970
0.849738  0.010863
0.851986  0.010754
0.854220  0.010644
0.856440  0.010533
0.858647  0.010421
0.860840  0.010309
0.863019  0.010195
0.865184  0.010081
0.867334  0.009966
0.869471  0.009850
0.871593  0.009733
0.873701  0.009616
0.875794  0.009498
0.877872  0.009379
0.879936  0.009260
0.881985  0.009140
0.884019  0.009020
0.886038  0.008900
0.888042  0.008779
0.890031  0.008657
0.892004  0.008535
0.893963  0.008413
0.895905  0.008291
0.897833  0.008168
0.899744  0.008046
0.901640  0.007923
0.903520  0.007800
0.905384  0.007677
0.907232  0.007553
0.909064  0.007430
0.910880  0.007307
0.912680  0.007184
0.914463  0.007061
0.916230  0.006938
0.917981  0.006815
0.919715  0.006693
0.921432  0.006571
0.923133  0.006449
0.924816  0.006327
0.926483  0.006206
0.928133  0.006085
0.929766  0.005964
0.931382  0.005844
0.932981  0.005724
0.934562  0.005605
0.936126  0.005486
0.937673  0.005368
0.939202  0.005251
0.940713  0.005134
0.942207  0.005018
0.943683  0.004902
0.945142  0.004787
0.946583  0.004673
0.948005  0.004560
0.949410  0.004448
0.950797  0.004336
0.952166  0.004225
0.953516  0.004115
0.954848  0.004007
0.956162  0.003899
0.957458  0.003792
0.958735  0.003686
0.959994  0.003581
0.961234  0.003477
0.962456  0.003375
0.963658  0.003273
0.964843  0.003173
0.966008  0.003073
0.967155  0.002975
0.968282  0.002878
0.969391  0.002783
0.970481  0.002689
0.971551  0.002596
0.972603  0.002504
0.973636  0.002414
0.974649  0.002325
0.975643  0.002237
0.976618  0.002151
0.977573  0.002066
0.978509  0.001983
0.979425  0.001901
0.980323  0.001821
0.981200  0.001742
0.982058  0.001665
0.982896  0.001589
0.983715  0.001515
0.984514  0.001443
0.985294  0.001372
0.986053  0.001302
0.986793  0.001235
0.987513  0.001169
0.988213  0.001105
0.988893  0.001042
0.989553  0.000981
0.990193  0.000922
0.990813  0.000864
0.991414  0.000809
0.991994  0.000755
0.992554  0.000703
0.993093  0.000652
0.993613  0.000604
0.994113  0.000557
0.994592  0.000512
0.995051  0.000469
0.995490  0.000427
0.995909  0.000388
0.996307  0.000350
0.996685  0.000315
0.997043  0.000281
0.997380  0.000249
0.997697  0.000219
0.997994  0.000191
0.998270  0.000165
0.998526  0.000140
0.998761  0.000118
0.998976  0.000098
0.999170  0.000079
0.999344  0.000062
0.999498  0.000048
0.999631  0.000035
0.999744  0.000024
0.999836  0.000016
0.999908  0.000009
0.999959  0.000004
0.999990  0.000001
1.000000  0.000000
